[23, 16, 15, 27, 19, 29], #gen1_chromo1
[10, 19, 20, 28, 12, 7], #gen1_chromo2
[18, 1, 29, 9, 22, 2], #gen1_chromo3
[10, 27, 26, 16, 14, 18], #gen1_chromo4
[19, 15, 10, 26, 14, 8], #gen1_chromo5
[22, 8, 12, 20, 12, 24], #gen1_chromo6
[22, 29, 30, 21, 15, 3], #gen1_chromo7
[14, 28, 1, 13, 14, 10], #gen1_chromo8
[21, 7, 5, 19, 17, 7], #gen1_chromo9
[12, 16, 20, 26, 22, 13], #gen1_chromo10
[14, 3, 21, 15, 12, 24], #gen1_chromo11
[30, 12, 22, 26, 7, 10], #gen1_chromo12
[19, 6, 12, 8, 7, 20], #gen1_chromo13
[23, 26, 10, 16, 20, 22], #gen1_chromo14
[30, 6, 22, 30, 30, 28], #gen1_chromo15
[9, 2, 9, 8, 1, 23], #gen1_chromo16
[17, 21, 23, 29, 22, 3], #gen1_chromo17
[16, 18, 25, 27, 20, 25], #gen1_chromo18
[16, 10, 19, 5, 23, 29], #gen1_chromo19
[25, 9, 17, 15, 3, 17], #gen1_chromo20
